00000000000000000000000000000000000000000000000000000000000000000000000000000000
00000011000000000000000000000000000000000000000000000000000000000000000000000000
00000011000000000000000000000000000000000000000000000000000000000000000000000000
00000000000000000000000000000000000000000000000000000000000000000000000000000000
00000000000000000000000000000000000000000000000000000000000000000000000000000000
00000000000011100000000000000000000000000000000000000000000000000000000000000000
00000000000000000000000000000000000000000000000000000000000000000000000000000000
00000000000000000000000000000000000000000000000000000000000000000000000000000000
00000000000000000000000000000000000000000000000000000000000000000000000000000000
00000000000000000000000000000000000000000000000000000000000000000000000000000000
00000000000000000000000000000000000000000000000000000000000000000000000000000000
00000000000000000000000000000000000000000000000000000000000000000000000000000000
00111000111000000000000000000000000000000000000000000000000000000000000000000000
00000000000000000000000000000000000000000000000000000000000000000000000000000000
10000101000010000000000000000000000000000000000000000000000000000000000000000000
10000101000010000000000000000000000001000000000000000000000000000010000000000000
10000101000010000000000000000000000000110000000000000000000000000010000000000000
00111000111000000000000000000000000001100000000000000000000000000010000000000000
00000000000000000000000000000000000000000000000000000000000000000000000000000000
00111000111000000000000000000000000000000000000000000000000000000000000000000000
10000101000010000000000000000000000000000000000000000000000000000000000000000000
10000101000010000000000000000000000000000000000000000000000000000000000000000000
10000101000010000000000000000000000000000000000000000000000000000000000000000000
00000000000000000000000000000000000000000000000000000000000000000000000000000000
00111000111000000000000000000000000000000000000000000000000000000000000000000000