00000000000000000000000000000000000000000000000000000000000000000000000000000000
00000000000000000000000000000000000000000000000000000000000000000000000000000000
00000000000000000000000000000000000000000000000000000000000000000000000000000000
00000000000000000000000000000000000000000000000000000000000000000000000000000000
00000000000000000000000000001111100000000000000000000000000000000000000000000000
00000000000000000000000000001000010000000110000000000000000000000000000000000000
00000000000000000000000000001000000000001101110000000000000000000000000000000000
00000000000000000000000000000100000000011011110000000000000000000000000000000000
00000000000000000000000000000001100011011001100000000000000000000000000000000000
00000000000000000000000000000000010000100100000000000000000000000000000000000000
00000000000000000000000000000000001010101000000000000000000000000000000000000000
00000000000000000000000000000000000100000000000000000000000000000000000000000000
00000000000000000000000000000000000100000000000000000000000000000000000000000000
00000000000000000000000000000000001010101000000000000000000000000000000000000000
00000000000000000000000000000000010000100100000000000000000000000000000000000000
00000000000000000000000000000001100011011001100000000000000000000000000000000000
00000000000000000000000000000100000000011011110000000000000000000000000000000000
00000000000000000000000000001000000000001101110000000000000000000000000000000000
00000000000000000000000000001000010000000110000000000000000000000000000000000000
00000000000000000000000000001111100000000000000000000000000000000000000000000000
00000000000000000000000000000000000000000000000000000000000000000000000000000000
00000000000000000000000000000000000000000000000000000000000000000000000000000000
00000000000000000000000000000000000000000000000000000000000000000000000000000000
00000000000000000000000000000000000000000000000000000000000000000000000000000000
00000000000000000000000000000000000000000000000000000000000000000000000000000000