00000000000000000000000000000000000000000000000000000000000000000000000000000000
00000000000000000000000000000000000000000000000000000000000000000000000000000000
00000000000000000000000000000000000000000000000000000000000000000000000000000000
00000000000000000000000000000000000000000000000000000000000000000000000000000000
00000000000000000000000000000000000000000000000000000000000000000000000000000000
00000000000000000000000000000000000000000000000000000000000000000000000000000000
00000000000000000000000000000001010000000000000000000000000000000000000000000000
00000000000000000000000000000111011100000000000000000000000000000000000000000000
00000000000000000000000000001000100010000000000000000000000000000000000000000000
00000000000000000000000000001010001010000000000000000000000000000000000000000000
00000000000000000000000000000110101100000000000000000000000000000000000000000000
00000000000000000000000000000000000000000000000000000000000000000000000000000000
00000000000000000000000000000110101100000000000000000000000000000000000000000000
00000000000000000000000000001010001010000000000000000000000000000000000000000000
00000000000000000000000000001000100010000000000000000000000000000000000000000000
00000000000000000000000000000111011100000000000000000000000000000000000000000000
00000000000000000000000000000001010000000000000000000000000000000000000000000000
00000000000000000000000000000000000000000000000000000000000000000000000000000000
00000000000000000000000000000000000000000000000000000000000000000000000000000000
00000000000000000000000000000000000000000000000000000000000000000000000000000000
00000000000000000000000000000000000000000000000000000000000000000000000000000000
00000000000000000000000000000000000000000000000000000000000000000000000000000000
00000000000000000000000000000000000000000000000000000000000000000000000000000000
00000000000000000000000000000000000000000000000000000000000000000000000000000000
00000000000000000000000000000000000000000000000000000000000000000000000000000000