00000000000000000000000000000000000000000000000000000000000000000000000000000000
00000000000000000000000000000000000000000000000000000000000000000000000000000000
00000000000000000000000000000000000000000000000000000000000000000000000000000000
00000000000000000000000000000000000000000000000000000000000000000000000000000000
00000000000000000000000000000000010100000000000000000000000000000000000000000000
00000000000000000000000000000000010001110000000000000000000000000000000000000000
00000000000000000000000000000001100000110000000000000000000000000000000000000000
00000000000000000000000000000001100010000001000000001100000000000000000000000000
00000000000000000000000000000000001011001101000000011100000000000000000000000000
00000000000000000000000000000010001000000100110101001000000000000000000000000000
00000000000000000000000000010010000001000111100011001100010000000000000000000000
00000000000000000000000000101001111110000000010010011001110000000000000000000000
00000000000000000000000001001000000000000000000100011001000000000000000000000000
00000000000000000000000000101001111110000000010010011001110000000000000000000000
00000000000000000000000000010010000001000111100011001100010000000000000000000000
00000000000000000000000000000010001000000100110101001000000000000000000000000000
00000000000000000000000000000000001011001101000000011100000000000000000000000000
00000000000000000000000000000001100010000001000000001100000000000000000000000000
00000000000000000000000000000001100000110000000000000000000000000000000000000000
00000000000000000000000000000000010001110000000000000000000000000000000000000000
00000000000000000000000000000000010100000000000000000000000000000000000000000000
00000000000000000000000000000000000000000000000000000000000000000000000000000000
00000000000000000000000000000000000000000000000000000000000000000000000000000000
00000000000000000000000000000000000000000000000000000000000000000000000000000000
00000000000000000000000000000000000000000000000000000000000000000000000000000000